%YAML:1.0
H: !!opencv-matrix
   rows: 3
   cols: 3
   dt: f
   data: [ 21.36484337, -7.59821081, 243.30793762, 0.55356616,
       9.41518402, 229.26113892, 1.12514407e-003, -0.02500296, 25. ]
